0 0.1921875 0.240625 0.06484375 0.12109375
0 0.065625 0.3484375 0.075 0.12890625
0 0.3390625 0.2875 0.05859375 0.12265625
0 0.43046875 0.228125 0.05859375 0.1015625
0 0.503125 0.47734375 0.0796875 0.1671875
0 0.66484375 0.31015625 0.0796875 0.1453125
0 0.734375 0.23515625 0.0546875 0.11015625
0 0.84453125 0.384375 0.06796875 0.14609375
0 0.9515625 0.2125 0.05703125 0.11015625
0 0.93671875 0.08046875 0.04296875 0.06875
0 0.67265625 0.11953125 0.03515625 0.08125
0 0.61171875 0.0796875 0.05 0.06875
0 0.53046875 0.17421875 0.071875 0.10390625
0 0.45390625 0.1296875 0.0515625 0.0875
0 0.36015625 0.0734375 0.03984375 0.075
0 0.196875 0.10625 0.04296875 0.0921875
0 0.11171875 0.1859375 0.05 0.0921875
0 0.04453125 0.10078125 0.04140625 0.0640625
0 0.03515625 0.03671875 0.03359375 0.05625
0 0.87421875 0.03203125 0.0515625 0.0640625
0 0.9671875 0.06171875 0.03515625 0.10625
0 0.72890625 0.1265625 0.0453125 0.09375
0 0.73828125 0.0546875 0.04296875 0.0640625
0 0.62734375 0.02265625 0.03515625 0.0453125
0 0.39921875 0.034375 0.04140625 0.06875