0 0.76640625 0.15859375 0.0734375 0.1828125
0 0.634375 0.19921875 0.0515625 0.15390625
0 0.53984375 0.1890625 0.06015625 0.1265625
0 0.3484375 0.20859375 0.053125 0.11015625
0 0.22578125 0.2078125 0.0453125 0.0890625
0 0.47890625 0.20625 0.0484375 0.1171875
0 0.60390625 0.14765625 0.03515625 0.05
0 0.43515625 0.14375 0.04296875 0.0796875
0 0.13515625 0.22578125 0.05 0.09609375
0 0.30703125 0.1890625 0.03984375 0.07265625
0 0.04296875 0.2421875 0.03671875 0.06640625
0 0.27421875 0.17734375 0.021875 0.075