0 0.346875 0.3703125 0.05703125 0.11875
0 0.240625 0.42109375 0.04140625 0.0796875
0 0.62578125 0.3953125 0.0546875 0.1296875
0 0.7234375 0.3734375 0.046875 0.0984375
0 0.8421875 0.45390625 0.0484375 0.1171875
0 0.975 0.3953125 0.03984375 0.10859375
0 0.8875 0.45546875 0.03203125 0.05859375
0 0.59140625 0.41328125 0.03359375 0.07890625
0 0.1921875 0.4484375 0.028125 0.08515625
0 0.14296875 0.43515625 0.0234375 0.05234375
0 0.478125 0.35078125 0.0265625 0.05390625
0 0.4359375 0.39375 0.021875 0.0328125
0 0.396875 0.40625 0.0203125 0.0828125